{
 "cells": [
  {
   "cell_type": "code",
   "execution_count": 1,
   "metadata": {},
   "outputs": [],
   "source": [
    "import numpy as np\n",
    "from gwbench import network\n",
    "from gwbench import snr\n",
    "\n",
    "import matplotlib.pyplot as plt\n",
    "import numpy as np\n",
    "import scipy.stats as stats\n",
    "import math\n",
    "from scipy.optimize import minimize\n",
    "import dill\n"
   ]
  },
  {
   "cell_type": "code",
   "execution_count": 2,
   "metadata": {},
   "outputs": [],
   "source": [
    "import matplotlib\n",
    "\n",
    "\n",
    "font = {'family' : 'serif',\n",
    "        'size'   : 16}\n",
    "\n",
    "matplotlib.rc('font', **font)\n"
   ]
  },
  {
   "cell_type": "code",
   "execution_count": 3,
   "metadata": {},
   "outputs": [],
   "source": [
    "def get_network_response(inj_params, network_spec = ['aLIGO_H','aLIGO_L','aLIGO_V'], approximant='IMRPhenomXAS', deriv_symbs_string = 'Mc eta DL tc phic iota ra dec psi', cond_num=1e25):\n",
    "    \n",
    "    # initialize the network with the desired detectors\n",
    "    net = network.Network(network_spec)\n",
    "\n",
    "    # choose the desired waveform \n",
    "    wf_model_name = 'lal_bbh' # lal_hybrid....\n",
    "    # pass the chosen waveform to the network for initialization\n",
    "    net.set_wf_vars(wf_model_name=wf_model_name, wf_other_var_dic = {'approximant': approximant})\n",
    "\n",
    "    # pick the desired frequency range\n",
    "    f_min = 5.\n",
    "    f_max = 512.\n",
    "    d_f = 2**-4\n",
    "    f = np.arange(f_min, f_max, d_f)\n",
    "\n",
    "    # choose whether to take Earth's rotation into account\n",
    "    use_rot = 0\n",
    "\n",
    "    # pass all these variables to the network\n",
    "    net.set_net_vars(\n",
    "        f=f, inj_params=inj_params,\n",
    "        deriv_symbs_string=deriv_symbs_string,\n",
    "        use_rot=use_rot\n",
    "        )\n",
    "    \n",
    "    # # compute the WF polarizations\n",
    "    net.calc_wf_polarizations()\n",
    "    # # compute the WF polarizations and their derivatives\n",
    "    net.calc_wf_polarizations_derivs_num()\n",
    "\n",
    "    # setup antenna patterns, location phase factors, and PSDs\n",
    "    net.setup_ant_pat_lpf_psds()\n",
    "\n",
    "    # compute the detector responses\n",
    "    net.calc_det_responses()\n",
    "    # compute the detector responses and their derivatives\n",
    "    net.calc_det_responses_derivs_num()\n",
    "\n",
    "    # calculate the network and detector SNRs\n",
    "    net.calc_snrs()\n",
    "\n",
    "    \n",
    "\n",
    "    # # calculate the network and detector Fisher matrices, condition numbers,\n",
    "    # # covariance matrices, error estimates, and inversion errors\n",
    "    net.calc_errors(cond_sup=cond_num)\n",
    "\n",
    "    # # calculate the 90%-credible sky area (in deg)\n",
    "    # net.calc_sky_area_90()\n",
    "\n",
    "    return net\n"
   ]
  },
  {
   "cell_type": "code",
   "execution_count": 4,
   "metadata": {},
   "outputs": [
    {
     "data": {
      "text/plain": [
       "15.924566651659156"
      ]
     },
     "execution_count": 4,
     "metadata": {},
     "output_type": "execute_result"
    }
   ],
   "source": [
    "from astropy.cosmology import Planck18, z_at_value\n",
    "import astropy.units as u\n",
    "DL = Planck18.luminosity_distance(2).value\n",
    "DL/1000"
   ]
  },
  {
   "attachments": {},
   "cell_type": "markdown",
   "metadata": {},
   "source": [
    "For given 'true' and 'approximate' waveforms $h_{TR}$ and $h_{AP}$, the systematic error due to waveform inaccuracy on the parameter $\\theta^i$ is given by:\n",
    "$$ \\Delta \\theta^i = (\\Gamma_{AP}^{-1})^{ij} \\quad  \\Sigma_{D=1}^{N_{det}}  (\\partial_j (h_{AP})_D | (h_{TR})_D - (h_{AP})_D)$$\n"
   ]
  },
  {
   "attachments": {},
   "cell_type": "markdown",
   "metadata": {},
   "source": [
    "We will assume that IMRPhenomXAS is $h_{TR}$ (net1) and IMRPhenomD is $h_{AP}$ (net2).\n"
   ]
  },
  {
   "cell_type": "code",
   "execution_count": 5,
   "metadata": {},
   "outputs": [
    {
     "name": "stdout",
     "output_type": "stream",
     "text": [
      "599.9999999999999\n",
      "103.43677282037811\n",
      "0.0533997864008544\n"
     ]
    }
   ],
   "source": [
    "m_tot = 500.0\n",
    "q = 30/500\n",
    "# DL = 100\n",
    "\n",
    "# redshift = z_at_value(Planck18.luminosity_distance, DL * u.Mpc)\n",
    "# print(redshift)\n",
    "\n",
    "redshift = 0.2\n",
    "\n",
    "mass1 = (m_tot/(q+1.0)) * (1+redshift)\n",
    "mass2 = m_tot * (q/(q+1.0)) * (1+redshift)\n",
    "\n",
    "Mc = (mass1*mass2)**(3/5) / (mass1+mass2)**(1/5)\n",
    "eta = (mass1*mass2) / (mass1+mass2)**2\n",
    "\n",
    "print(mass1+mass2)\n",
    "\n",
    "print(Mc)\n",
    "print(eta)"
   ]
  },
  {
   "cell_type": "code",
   "execution_count": 6,
   "metadata": {},
   "outputs": [
    {
     "name": "stdout",
     "output_type": "stream",
     "text": [
      "3.2558401868030558\n",
      "0.24815574541759194\n",
      "7.677989436879858\n"
     ]
    }
   ],
   "source": [
    "mass1 = 35.4\n",
    "mass2 = 29.8\n",
    "DL = 78403.86928379\n",
    "\n",
    "\n",
    "\n",
    "Mc = (mass1*mass2)**(3/5) / (mass1+mass2)**(1/5)\n",
    "eta = (mass1*mass2) / (mass1+mass2)**2\n",
    "redshift = z_at_value(Planck18.luminosity_distance, DL * u.Mpc)\n",
    "\n",
    "\n",
    "print(Mc/(1+redshift))\n",
    "print(eta)\n",
    "print(redshift)"
   ]
  },
  {
   "cell_type": "code",
   "execution_count": 9,
   "metadata": {},
   "outputs": [],
   "source": [
    "# set the injection parameters\n",
    "inj_params = {\n",
    "    'Mc':    30.8,\n",
    "    'eta':   0.248,\n",
    "    'chi1x': 0,\n",
    "    'chi2x': 0,\n",
    "    'chi1y': 0,\n",
    "    'chi2y': 0,\n",
    "    'chi1z': 0,\n",
    "    'chi2z': 0,\n",
    "    'DL':    440,\n",
    "    'tc':    0,\n",
    "    'phic':  0,\n",
    "    'iota':  np.pi/3,\n",
    "    'ra':    np.pi/3,\n",
    "    'dec':   np.pi/3,\n",
    "    'psi':   np.pi/3,\n",
    "    'gmst0': 0\n",
    "    }\n",
    "\n",
    "\n",
    "deriv_symbs_string = 'Mc eta DL chi1z chi2z iota ra dec psi'\n",
    "param_list = deriv_symbs_string.split()\n",
    "\n",
    "network_dict = {\n",
    "        'aLIGO':    ['aLIGO_H','aLIGO_L','V+_V'],\n",
    "        'A+':       ['A+_H', 'A+_L','A+_V'],\n",
    "        'Voyager':  ['Voyager-CBO_H', 'Voyager-CBO_L', 'Voyager-CBO_V'],\n",
    "        '3G':       ['CE2-40-CBO_C', 'CE2-20-CBO_S', 'ET_ET1', 'ET_ET2', 'ET_ET3']\n",
    "        }\n",
    "\n",
    "\n",
    "# network_spec = ['aLIGO_H','aLIGO_L','V+_V']\n",
    "# network_spec = ['CE2-40-CBO_C', 'CE2-20-CBO_S', 'ET_ET1', 'ET_ET2', 'ET_ET3']\n",
    "# network_spec = ['Voyager-CBO_H', 'Voyager-CBO_L', 'Voyager-CBO_V']\n",
    "# network_spec = ['A+_V']\n",
    "\n",
    "network_key = 'aLIGO'\n",
    "\n",
    "network_spec = network_dict[network_key]"
   ]
  },
  {
   "attachments": {},
   "cell_type": "markdown",
   "metadata": {},
   "source": [
    "# Compute Networks from gwbench (skip if networks are saved)"
   ]
  },
  {
   "cell_type": "code",
   "execution_count": 64,
   "metadata": {},
   "outputs": [
    {
     "name": "stdout",
     "output_type": "stream",
     "text": [
      "Polarizations calculated.\n",
      "Calculate numeric derivatives of polarizations.\n",
      "Polarizations calculated.\n",
      "Numeric derivatives of polarizations calculated.\n",
      "PSDs loaded.\n",
      "Antenna patterns and LPFs loaded.\n",
      "Detector responses calculated.\n",
      "Calculate numeric derivatives of detector responses.\n",
      "  aLIGO_H\n",
      "  aLIGO_L\n",
      "  V+_V\n",
      "Numeric derivatives of detector responses calculated.\n",
      "Calculate SNRs.\n",
      "SNRs calculated.\n",
      "Calculate errors (Fisher & cov matrices).\n",
      "  aLIGO_H\n",
      "  aLIGO_L\n",
      "  V+_V\n",
      "Errors calculated.\n",
      "75.5701058333456\n"
     ]
    }
   ],
   "source": [
    "net1 = get_network_response(inj_params=inj_params, network_spec=network_spec, deriv_symbs_string=deriv_symbs_string, \\\n",
    "                            approximant='IMRPhenomXAS', cond_num=1e25)\n",
    "# print(net1.errs[\"Mc\"])\n",
    "print(net1.snr)"
   ]
  },
  {
   "attachments": {},
   "cell_type": "markdown",
   "metadata": {},
   "source": [
    "### Constant SNR test"
   ]
  },
  {
   "cell_type": "code",
   "execution_count": 46,
   "metadata": {},
   "outputs": [
    {
     "name": "stdout",
     "output_type": "stream",
     "text": [
      "new DL: 10790.890560786105\n",
      "new Mc: 8.861146968660282\n",
      "PSDs loaded.\n",
      "Antenna patterns and LPFs loaded.\n",
      "Detector responses calculated.\n",
      "Calculate SNRs.\n",
      "SNRs calculated.\n",
      "49.99999999999999\n"
     ]
    }
   ],
   "source": [
    "target_snr = 50.0\n",
    "# DL = new_DL\n",
    "new_DL = DL * (net1.snr / target_snr)\n",
    "new_redshift = z_at_value(Planck18.luminosity_distance, new_DL * u.Mpc)\n",
    "\n",
    "inj_params['DL'] = new_DL\n",
    "# inj_params['Mc'] = Mc/(1+new_redshift)\n",
    "\n",
    "print(\"new DL:\", new_DL)\n",
    "print(\"new Mc:\", Mc/(1+new_redshift))\n",
    "\n",
    "\n",
    "net1_1 = get_network_response(inj_params=inj_params, network_spec=network_spec, approximant='IMRPhenomXAS',\\\n",
    "    cond_num=1e25)\n",
    "# print(net1_1.errs[\"Mc\"])\n",
    "print(net1_1.snr)"
   ]
  },
  {
   "cell_type": "code",
   "execution_count": 12,
   "metadata": {},
   "outputs": [
    {
     "name": "stdout",
     "output_type": "stream",
     "text": [
      "17855.452721379155\n",
      "2.1970034957351547\n"
     ]
    }
   ],
   "source": [
    "print(new_DL)\n",
    "print(z_at_value(Planck18.luminosity_distance, new_DL * u.Mpc))"
   ]
  },
  {
   "cell_type": "code",
   "execution_count": 8,
   "metadata": {},
   "outputs": [
    {
     "name": "stdout",
     "output_type": "stream",
     "text": [
      "8.607961322776841e-05\n",
      "3.519123289758118\n"
     ]
    },
    {
     "data": {
      "text/plain": [
       "array([[ 7.40969981e-09,  2.55611492e-10, -9.84046952e-03,\n",
       "         2.94912170e-10, -9.09015247e-07,  9.61726837e-08,\n",
       "         1.67694959e-08,  2.52945093e-08,  1.31834445e-08],\n",
       "       [ 2.55611492e-10,  4.17174067e-09, -1.23649909e-01,\n",
       "        -7.91053157e-09,  3.21890113e-06,  1.24295846e-06,\n",
       "        -1.70756297e-07, -8.54402079e-08, -2.90868785e-07],\n",
       "       [-9.84046952e-03, -1.23649909e-01,  5.16783063e+09,\n",
       "         2.43754801e-01,  5.22287013e+03, -3.50439889e+04,\n",
       "         5.55145039e+02,  6.04871364e+02,  5.38559148e+03],\n",
       "       [ 2.94912170e-10, -7.91053157e-09,  2.43754801e-01,\n",
       "         3.06865400e-06,  6.63532689e-04, -9.17018871e-05,\n",
       "         6.52206318e-05, -4.87949849e-04,  1.45780082e-04],\n",
       "       [-9.09015247e-07,  3.21890113e-06,  5.22287013e+03,\n",
       "         6.63532689e-04,  2.12932955e+00,  1.95498894e-02,\n",
       "        -2.22454452e-02, -1.64430742e-01,  9.51822468e-01],\n",
       "       [ 9.61726837e-08,  1.24295846e-06, -3.50439889e+04,\n",
       "        -9.17018871e-05,  1.95498894e-02,  2.96447175e-01,\n",
       "        -1.03918721e-02,  2.26542388e-02, -1.20430656e-02],\n",
       "       [ 1.67694959e-08, -1.70756297e-07,  5.55145039e+02,\n",
       "         6.52206318e-05, -2.22454452e-02, -1.03918721e-02,\n",
       "         2.71994845e-02,  3.82288731e-04,  8.29577417e-03],\n",
       "       [ 2.52945093e-08, -8.54402079e-08,  6.04871364e+02,\n",
       "        -4.87949849e-04, -1.64430742e-01,  2.26542388e-02,\n",
       "         3.82288731e-04,  1.81233184e-01, -4.80537995e-02],\n",
       "       [ 1.31834445e-08, -2.90868785e-07,  5.38559148e+03,\n",
       "         1.45780082e-04,  9.51822468e-01, -1.20430656e-02,\n",
       "         8.29577417e-03, -4.80537995e-02,  4.75061145e-01]])"
      ]
     },
     "execution_count": 8,
     "metadata": {},
     "output_type": "execute_result"
    }
   ],
   "source": [
    "print(net1.errs[\"Mc\"])\n",
    "print(net1.snr)\n",
    "net1.cov"
   ]
  },
  {
   "attachments": {},
   "cell_type": "markdown",
   "metadata": {},
   "source": [
    "## Get approx net"
   ]
  },
  {
   "cell_type": "code",
   "execution_count": 68,
   "metadata": {},
   "outputs": [
    {
     "name": "stdout",
     "output_type": "stream",
     "text": [
      "Polarizations calculated.\n",
      "Calculate numeric derivatives of polarizations.\n",
      "Polarizations calculated.\n",
      "Numeric derivatives of polarizations calculated.\n",
      "PSDs loaded.\n",
      "Antenna patterns and LPFs loaded.\n",
      "Detector responses calculated.\n",
      "Calculate numeric derivatives of detector responses.\n",
      "  aLIGO_H\n",
      "  aLIGO_L\n",
      "  V+_V\n",
      "Numeric derivatives of detector responses calculated.\n",
      "Calculate SNRs.\n",
      "SNRs calculated.\n",
      "Calculate errors (Fisher & cov matrices).\n",
      "  aLIGO_H\n",
      "  aLIGO_L\n",
      "  V+_V\n",
      "Errors calculated.\n",
      "75.44272361671035\n"
     ]
    }
   ],
   "source": [
    "net2 = get_network_response(inj_params=inj_params, network_spec=network_spec, deriv_symbs_string=deriv_symbs_string, \\\n",
    "                            approximant='IMRPhenomD', cond_num=1e25)\n",
    "# print(net2.errs[\"Mc\"])\n",
    "print(net2.snr)"
   ]
  },
  {
   "cell_type": "code",
   "execution_count": 48,
   "metadata": {},
   "outputs": [
    {
     "name": "stdout",
     "output_type": "stream",
     "text": [
      "1625.6729303600682\n",
      "30.8\n",
      "[[ 1.66751286e-07 -6.41643563e-08 -5.39244642e-06  3.95576849e-07\n",
      "   7.51282915e-08  1.95980878e-08 -1.32372491e-08 -2.51593112e-08\n",
      "   2.47100948e-07]\n",
      " [-6.41643563e-08  6.32570532e-08  1.00670124e-05 -4.82578363e-07\n",
      "   1.12399437e-07 -9.43242209e-10 -6.26214633e-10  1.22449119e-09\n",
      "   3.88336742e-09]\n",
      " [-5.39244642e-06  1.00670124e-05  4.68770779e-01 -6.55165327e-05\n",
      "   7.57110575e-06 -7.86809486e-04  1.28959082e-05 -4.31627645e-05\n",
      "   6.61204168e-05]\n",
      " [ 3.95576849e-07 -4.82578363e-07 -6.55165327e-05  4.16497177e-06\n",
      "  -1.55298314e-06 -7.86785196e-08  5.58566242e-08 -2.37953787e-07\n",
      "  -7.68919655e-08]\n",
      " [ 7.51282915e-08  1.12399437e-07  7.57110575e-06 -1.55298314e-06\n",
      "   1.23836508e-06  1.14691819e-07 -7.63622224e-08  2.76109553e-07\n",
      "   1.89857546e-07]\n",
      " [ 1.95980878e-08 -9.43242209e-10 -7.86809486e-04 -7.86785196e-08\n",
      "   1.14691819e-07  1.60065331e-06 -3.90264685e-08  1.63036107e-07\n",
      "  -3.31428991e-09]\n",
      " [-1.32372491e-08 -6.26214633e-10  1.28959082e-05  5.58566242e-08\n",
      "  -7.63622224e-08 -3.90264685e-08  7.02243681e-08  1.26091905e-08\n",
      "   3.13783189e-08]\n",
      " [-2.51593112e-08  1.22449119e-09 -4.31627645e-05 -2.37953787e-07\n",
      "   2.76109553e-07  1.63036107e-07  1.26091905e-08  4.90573698e-07\n",
      "  -4.33081563e-08]\n",
      " [ 2.47100948e-07  3.88336742e-09  6.61204168e-05 -7.68919655e-08\n",
      "   1.89857546e-07 -3.31428991e-09  3.13783189e-08 -4.33081563e-08\n",
      "   1.42237479e-06]]\n"
     ]
    }
   ],
   "source": [
    "print(net2.snr)\n",
    "print(net2.inj_params[\"Mc\"])\n",
    "print(net2.cov)"
   ]
  },
  {
   "cell_type": "code",
   "execution_count": 87,
   "metadata": {},
   "outputs": [],
   "source": [
    "from pycbc.types import FrequencySeries\n",
    "from pycbc.filter import match\n",
    "\n",
    "\n",
    "mask = np.in1d(net1.f, net1.detectors[0].f, assume_unique=True)\n",
    "\n",
    "\n",
    "delta_f = net1.detectors[0].f[1] - net1.detectors[0].f[0]\n",
    "psd = FrequencySeries(net1.detectors[0].psd, delta_f=delta_f) # caluclate mismatch using any one detector PSD\n",
    "\n",
    "\n",
    "hp1_pyc = FrequencySeries(net1.hfp[mask], delta_f=delta_f)\n",
    "hp2_pyc = FrequencySeries(net2.hfp[mask], delta_f=delta_f)\n",
    "full_faith, index = match(hp1_pyc, hp2_pyc, psd=psd, low_frequency_cutoff=net1.detectors[0].f[0])"
   ]
  },
  {
   "cell_type": "code",
   "execution_count": 16,
   "metadata": {},
   "outputs": [
    {
     "name": "stdout",
     "output_type": "stream",
     "text": [
      "Network pickled.\n",
      "Network pickled.\n"
     ]
    }
   ],
   "source": [
    "# net1.save_network('gwbench_networks/net_xas_150914')\n",
    "# net2.save_network('gwbench_networks/net_d_150914')\n",
    "\n",
    "net1.save_network('gwbench_networks/net_xas_0')\n",
    "net2.save_network('gwbench_networks/net_d_0')"
   ]
  },
  {
   "cell_type": "code",
   "execution_count": 6,
   "metadata": {},
   "outputs": [],
   "source": [
    "with open('gwbench_networks/net_test', \"wb\") as fi:\n",
    "    dill.dump(None, fi)"
   ]
  },
  {
   "cell_type": "code",
   "execution_count": 7,
   "metadata": {},
   "outputs": [
    {
     "name": "stdout",
     "output_type": "stream",
     "text": [
      "True\n"
     ]
    }
   ],
   "source": [
    "with open('gwbench_networks/net_test', \"rb\") as fi:\n",
    "    net1 = dill.load(fi)\n",
    "    print(net1 is None)"
   ]
  },
  {
   "attachments": {},
   "cell_type": "markdown",
   "metadata": {},
   "source": [
    "# Load gwbench networks"
   ]
  },
  {
   "cell_type": "code",
   "execution_count": 52,
   "metadata": {},
   "outputs": [
    {
     "name": "stdout",
     "output_type": "stream",
     "text": [
      "0 not found\n",
      "1 not found\n",
      "2 not found\n",
      "3 not found\n",
      "4 not found\n",
      "5 not found\n",
      "6 not found\n",
      "7 not found\n",
      "8 not found\n",
      "9 not found\n"
     ]
    }
   ],
   "source": [
    "for i in range(10):\n",
    "    try:\n",
    "        with open('gwbench_networks/net_xas_{i}', \"rb\") as fi:\n",
    "            net1 = dill.load(fi)\n",
    "            print(i,\"found\")\n",
    "    except FileNotFoundError:\n",
    "        print(i,\"not found\")\n",
    "        continue\n",
    "\n",
    "\n",
    "with open('gwbench_networks/net_d_0', \"rb\") as fi:\n",
    "    net2 = dill.load(fi)"
   ]
  },
  {
   "cell_type": "code",
   "execution_count": 38,
   "metadata": {},
   "outputs": [
    {
     "name": "stdout",
     "output_type": "stream",
     "text": [
      "30.8\n",
      "1693.0995150296592\n",
      "[0.00031907034822278196, 0.00022424114884527378, 0.6589808578301246, 0.0020628007176680266, 0.0015870054205051015, 0.0012183511400240949, 0.00023557605486440068, 0.0006287503086169698]\n"
     ]
    }
   ],
   "source": [
    "print(net1.inj_params[\"Mc\"])\n",
    "print(net2.snr)\n",
    "print(list(net2.errs.values())[:-1])"
   ]
  },
  {
   "attachments": {},
   "cell_type": "markdown",
   "metadata": {},
   "source": [
    "# Compute inspiral time in band"
   ]
  },
  {
   "cell_type": "code",
   "execution_count": 25,
   "metadata": {},
   "outputs": [],
   "source": [
    "from pycbc import pnutils\n",
    "\n",
    "m1, m2 = pnutils.mchirp_eta_to_mass1_mass2(net1.inj_params[\"Mc\"], net1.inj_params[\"eta\"])\n",
    "# f_low = net1.f[0]"
   ]
  },
  {
   "cell_type": "code",
   "execution_count": 26,
   "metadata": {},
   "outputs": [
    {
     "data": {
      "text/plain": [
       "29.405004294160825"
      ]
     },
     "execution_count": 26,
     "metadata": {},
     "output_type": "execute_result"
    }
   ],
   "source": [
    "f_low = net1.f[0]\n",
    "ts_5hz,fs_5hz = pnutils.get_inspiral_tf(0.,m1,m2,0.,0.,f_low)\n",
    "duration_5hz = -ts_5hz[0]\n",
    "duration_5hz"
   ]
  },
  {
   "attachments": {},
   "cell_type": "markdown",
   "metadata": {},
   "source": [
    "# Perform Cutler-Vallisneri with (IMRPhenomXAS, IMRPhenomD) and 3G network"
   ]
  },
  {
   "cell_type": "code",
   "execution_count": 27,
   "metadata": {},
   "outputs": [
    {
     "data": {
      "text/plain": [
       "{'Mc': 30.8,\n",
       " 'eta': 0.248,\n",
       " 'chi1x': 0,\n",
       " 'chi2x': 0,\n",
       " 'chi1y': 0,\n",
       " 'chi2y': 0,\n",
       " 'chi1z': 0.3,\n",
       " 'chi2z': 0.3,\n",
       " 'DL': 440,\n",
       " 'tc': 0,\n",
       " 'phic': 0,\n",
       " 'iota': 1.0471975511965976,\n",
       " 'ra': 1.0471975511965976,\n",
       " 'dec': 1.0471975511965976,\n",
       " 'psi': 1.0471975511965976,\n",
       " 'gmst0': 0}"
      ]
     },
     "execution_count": 27,
     "metadata": {},
     "output_type": "execute_result"
    }
   ],
   "source": [
    "net1.inj_params"
   ]
  },
  {
   "cell_type": "code",
   "execution_count": 28,
   "metadata": {},
   "outputs": [],
   "source": [
    "# Calculate the Theoretical Bias in Parameters based on Cutler-Vallisneri formalism\n",
    "\n",
    "def compute_wf_bias(net1, net2, param_list, lams=None, inj_params=None):\n",
    "    inner_prod = np.zeros(len(param_list))\n",
    "\t\n",
    "    cov_ap = net2.cov\n",
    "\n",
    "    for d in range(len(net2.detectors)):\n",
    "        del_h_ap_all = net2.detectors[d].del_hf\n",
    "        del_params_j = list(del_h_ap_all.keys())\n",
    "\t\n",
    "\n",
    "        h_tr = net1.detectors[d].hf\n",
    "        h_ap = net2.detectors[d].hf\n",
    "        psd = net2.detectors[d].psd\n",
    "        freq_range = net2.detectors[d].f\n",
    "        df = freq_range[1] - freq_range[0]\n",
    "\n",
    "        for j, parameter_j in enumerate(del_params_j):\n",
    "            del_h_ap_j = del_h_ap_all[parameter_j]\n",
    "            # Inner Product\n",
    "            inner_prod[j] += snr.scalar_product_freq_array(del_h_ap_j, h_tr - h_ap, psd, freq_range, df)\n",
    "    return np.dot(cov_ap, inner_prod)\t"
   ]
  },
  {
   "cell_type": "code",
   "execution_count": 29,
   "metadata": {},
   "outputs": [
    {
     "name": "stdout",
     "output_type": "stream",
     "text": [
      "['Mc', 'eta', 'DL', 'chi1z', 'chi2z', 'iota', 'ra', 'dec', 'psi']\n",
      "[ 1.05700687e-01  4.74361690e-02  7.58598087e+02 -5.77040368e-01\n",
      "  6.03450063e-01 -3.64130278e-03 -1.72623101e-03 -1.80830448e-02\n",
      " -4.87426400e-02]\n",
      "\n",
      "{'Mc': 0.00031907034822278196, 'eta': 0.00022424114884527378, 'DL': 0.6589808578301246, 'chi1z': 0.0020628007176680266, 'chi2z': 0.0015870054205051015, 'iota': 0.0012183511400240949, 'ra': 0.00023557605486440068, 'dec': 0.0006287503086169698, 'psi': 0.0011455029844918152}\n",
      "331.277061412664\n"
     ]
    }
   ],
   "source": [
    "param_list = deriv_symbs_string.split()\n",
    "errors_th = compute_wf_bias(net1, net2, param_list)\n",
    "print(param_list)\n",
    "print(errors_th)\n",
    "print()\n",
    "\n",
    "print(net2.errs)\n",
    "\n",
    "print(errors_th[0]/net2.errs[\"Mc\"])\n"
   ]
  },
  {
   "cell_type": "code",
   "execution_count": 30,
   "metadata": {},
   "outputs": [
    {
     "name": "stdout",
     "output_type": "stream",
     "text": [
      "30.8\n",
      "0.10570068734315863\n"
     ]
    },
    {
     "data": {
